-1 -1 -1 -1 -1 -1 -1 -1 -1 -1 -1 -1 -1 -1 -1 -1 -1 -1 -1 -1
-1 00 01 02 -1 03 04 05 06 07 08 09 10 11 12 13 -1 14 15 -1  
-1 16 17 18 -1 19 -1 20 21 22 23 24 25 26 27 28 -1 29 30 -1 
-1 31 32 33 -1 34 -1 35 36 37 38 39 -1 -1 -1 -1 -1 -1 40 -1
-1 41 42 43 44 45 -1 -1 -1 -1 -1 46 47 48 49 50 51 52 53 -1
-1 -1 54 -1 -1 56 -1 57 58 59 60 61 62 63 64 65 -1 66 67 -1 
-1 68 69 70 -1 71 -1 72 73 74 75 76 -1 -1 77 -1 -1 -1 78 -1 
-1 79 80 81 -1 82 -1 83 84 85 86 87 88 -1 89 90 91 -1 92 -1  
-1 093 -1 094 095 096 -1 097 098 -1 099 -1 100 -1 -1 -1 101 -1 102 -1  
-1 -1 -1 -1 -1 103 -1 104 105 106 107 108 109 110 111 -1 112 -1 113-1  	
-1 54 55 56 -1 58 -1 00 00 -1 00 -1 65 66 67 -1 69 -1 71 -1 
-1 54 55 56 -1 58 -1 00 00 62 00 00 65 66 67 68 69 -1 00 -1  
-1 54 55 56 -1 58 59 60 61 62 63 64 65 66 -1 -1 -1 -1 71 -1 
-1 54 55 56 57 58 -1 60 61 62 63 64 65 66 67 68 69 70 71 -1 
-1 54 -1 -1 -1 -1 -1 -1 61 -1 -1 -1 -1 -1 -1 -1 -1 70 -1 -1  
-1 54 -1 56 57 58 59 60 61 62 63 -1 65 66 67 -1 69 70 71 -1 
-1 54 -1 56 -1 58 59 -1 61 62 63 64 00 -1 00 68 00 70 71 -1 
-1 54 55 56 -1 -1 -1 -1 61 62 63 64 -1 66 67 68 -1 70 71 -1 
-1 54 55 56 -1 58 59 60 61 62 63 64 -1 66 67 68 -1 70 71 -1
-1 -1 -1 -1 -1 -1 -1 -1 -1 -1 -1 -1 -1 -1 -1 -1 -1 -1 -1 -1
 